0
hhhhhhhh
5
36
nnnnnnnnn
6
38
5
R
11
31
5
H
11
39
7
_
11
47
7
_
11
55
5
K
11
63
5
B
11
71
5
H
11
79
5
R
11
87
7
_
19
31
7
_
19
39
7
_
19
47
7
_
19
55
7
_
19
63
5
P
19
71
5
P
19
79
5
P
19
87
7
_
27
31
7
_
27
39
7
_
27
47
6
P
27
55
7
_
27
63
6
P
27
71
7
_
27
79
7
_
27
87
7
_
35
31
7
_
35
39
7
_
35
47
7
_
35
55
14
Q
35
63
7
_
35
71
7
_
35
79
7
_
35
87
5
P
43
31
5
P
43
39
7
_
43
47
7
_
43
55
7
_
43
63
7
_
43
71
6
P
43
79
7
_
43
87
7
_
51
31
6
P
51
39
7
_
51
47
7
_
51
55
7
_
51
63
7
_
51
71
7
_
51
79
7
_
51
87
7
_
59
31
7
_
59
39
7
_
59
47
6
K
59
55
7
_
59
63
7
_
59
71
7
_
59
79
6
P
59
87
6
R
67
31
6
H
67
39
6
B
67
47
6
Q
67
55
7
_
67
63
6
B
67
71
7
_
67
79
6
R
67
87
0
0
0
0
0
0
67
63
55
59